district,observation,isolation,total_hospitalized,home_discharged_today,active,recovered,deceased,total_cases,cases_delta
Thiruvananthapuram,28,24,4,2,0,0,0,0,0
Kollam,28,26,2,1,0,0,0,0,0
Pathanamthitta,9,6,3,4,0,0,0,0,0
Idukki,9,9,0,0,0,0,0,0,0
Kottayam,59,59,0,0,0,0,0,0,0
Alappuzha,25,25,0,1,0,1,0,1,0
Ernakulam,129,127,2,0,0,0,0,0,0
Thrissur,83,71,12,1,0,1,0,1,0
Palakkad,16,14,2,1,0,0,0,0,0
Malappuram,50,44,6,0,0,0,0,0,0
Kozhikode,24,19,5,0,0,0,0,0,0
Wayanad,7,7,0,0,0,0,0,0,0
Kannur,38,35,3,0,0,0,0,0,0
Kasaragod,42,42,0,0,0,1,0,1,0
Total,547,508,39,10,0,3,0,3,0
