district,observation,isolation,total_hospitalized,hospitalized_today,active
Thiruvananthapuram,127,114,13,1,0
Kollam,177,167,10,6,0
Pathanamthitta,892,860,32,17,7
Idukki,53,53,0,0,0
Kottayam,243,231,12,2,2
Alappuzha,128,111,17,1,0
Ernakulam,304,280,24,8,0
Thrissur,613,535,78,12,0
Palakkad,102,77,25,4,0
Malappuram,93,32,61,21,0
Kozhikode,301,291,10,5,0
Wayanad,28,27,1,0,0
Kannur,128,121,7,3,3
Kasaragod,124,121,3,3,0
Total,3313,3020,293,83,14
