district,observation,isolation,total_hospitalized,hospitalized_today,active,total_cases
Thiruvananthapuram,29,27,2,3,0,0
Kollam,27,25,2,0,0,0
Pathanamthitta,9,6,3,0,0,0
Idukki,9,9,0,0,0,0
Kottayam,42,42,0,5,0,0
Alappuzha,19,19,0,0,0,1
Ernakulam,126,124,2,0,0,0
Thrissur,63,54,9,0,0,1
Palakkad,11,11,0,2,0,0
Malappuram,44,38,6,0,0,0
Kozhikode,21,16,5,1,0,0
Wayanad,4,4,0,0,0,0
Kannur,32,30,2,0,0,0
Kasaragod,33,33,0,0,0,1
Total,469,438,31,11,0,3
