observation,isolation,total_hospitalized,date,hospitalized_today,active,district
92,76,16,2020-3-10,6,0,Thiruvananthapuram
127,114,13,2020-3-11,1,0,Thiruvananthapuram
142,137,5,2020-3-12,2,1,Thiruvananthapuram
226,208,18,2020-3-13,13,3,Thiruvananthapuram
313,284,29,2020-3-14,15,3,Thiruvananthapuram
1449,1406,43,2020-3-15,16,4,Thiruvananthapuram
661,614,47,2020-3-16,11,4,Thiruvananthapuram
795,729,66,2020-3-17,11,4,Thiruvananthapuram
2414,2350,64,2020-3-18,3,4,Thiruvananthapuram
2618,2553,65,2020-3-19,6,4,Thiruvananthapuram
32,30,2,2020-3-1,0,0,Thiruvananthapuram
3710,3663,47,2020-3-20,7,4,Thiruvananthapuram
4179,4136,43,2020-3-21,3,4,Thiruvananthapuram
4926,4873,53,2020-3-22,10,4,Thiruvananthapuram
5477,5426,51,2020-3-23,22,4,Thiruvananthapuram
5919,5829,90,2020-3-24,43,5,Thiruvananthapuram
6409,6315,94,2020-3-25,16,4,Thiruvananthapuram
7968,7854,114,2020-3-26,34,4,Thiruvananthapuram
11024,10923,101,2020-3-27,13,5,Thiruvananthapuram
28,25,3,2020-3-2,8,0,Thiruvananthapuram
30,28,2,2020-3-3,6,0,Thiruvananthapuram
29,27,2,2020-3-4,3,0,Thiruvananthapuram
28,24,4,2020-3-5,2,0,Thiruvananthapuram
28,25,3,2020-3-6,0,0,Thiruvananthapuram
28,25,3,2020-3-7,1,0,Thiruvananthapuram
33,29,4,2020-3-8,2,0,Thiruvananthapuram
33,22,11,2020-3-9,7,0,Thiruvananthapuram
85,75,10,2020-3-10,4,0,Kollam
177,167,10,2020-3-11,6,0,Kollam
227,216,11,2020-3-12,2,0,Kollam
324,312,12,2020-3-13,3,0,Kollam
308,290,18,2020-3-14,7,0,Kollam
368,355,13,2020-3-15,0,0,Kollam
414,401,13,2020-3-16,2,0,Kollam
667,655,12,2020-3-17,1,0,Kollam
758,751,7,2020-3-18,4,0,Kollam
673,666,7,2020-3-19,1,0,Kollam
6,5,1,2020-3-1,0,,Kollam
659,652,7,2020-3-20,2,0,Kollam
900,896,4,2020-3-21,0,0,Kollam
1014,1011,3,2020-3-22,0,0,Kollam
1073,1070,3,2020-3-23,0,0,Kollam
1137,1131,6,2020-3-24,5,0,Kollam
1192,1186,6,2020-3-25,0,0,Kollam
16464,16456,8,2020-3-26,3,0,Kollam
17021,17008,13,2020-3-27,7,1,Kollam
9,8,1,2020-3-2,0,,Kollam
24,22,2,2020-3-3,0,,Kollam
27,25,2,2020-3-4,0,,Kollam
28,26,2,2020-3-5,1,,Kollam
28,25,3,2020-3-6,0,,Kollam
30,27,3,2020-3-7,0,,Kollam
40,37,3,2020-3-8,0,0,Kollam
75,66,9,2020-3-9,6,0,Kollam
60,45,15,2020-3-10,5,7,Pathanamthitta
892,860,32,2020-3-11,17,7,Pathanamthitta
896,862,34,2020-3-12,2,7,Pathanamthitta
932,903,29,2020-3-13,5,7,Pathanamthitta
969,941,28,2020-3-14,4,9,Pathanamthitta
1638,1609,29,2020-3-15,4,9,Pathanamthitta
1756,1735,21,2020-3-16,3,9,Pathanamthitta
2500,2478,22,2020-3-17,4,9,Pathanamthitta
2900,2884,16,2020-3-18,2,9,Pathanamthitta
3730,3715,15,2020-3-19,6,9,Pathanamthitta
1,1,0,2020-3-1,2,0,Pathanamthitta
4570,4555,15,2020-3-20,2,9,Pathanamthitta
5257,5242,15,2020-3-21,4,9,Pathanamthitta
4767,4753,14,2020-3-22,2,9,Pathanamthitta
4580,4565,15,2020-3-23,3,8,Pathanamthitta
4524,4504,20,2020-3-24,7,8,Pathanamthitta
4461,4440,21,2020-3-25,1,10,Pathanamthitta
6417,6400,17,2020-3-26,4,10,Pathanamthitta
6975,6951,24,2020-3-27,8,9,Pathanamthitta
3,2,1,2020-3-2,0,0,Pathanamthitta
6,3,3,2020-3-3,0,0,Pathanamthitta
9,6,3,2020-3-4,0,0,Pathanamthitta
9,6,3,2020-3-5,4,0,Pathanamthitta
17,11,6,2020-3-6,0,0,Pathanamthitta
26,21,5,2020-3-7,0,0,Pathanamthitta
36,26,10,2020-3-8,0,3,Pathanamthitta
53,41,12,2020-3-9,2,3,Pathanamthitta
46,45,1,2020-3-10,0,0,Idukki
53,53,0,2020-3-11,0,0,Idukki
61,61,0,2020-3-12,0,0,Idukki
52,52,0,2020-3-13,0,0,Idukki
58,58,0,2020-3-14,0,0,Idukki
75,75,0,2020-3-15,0,1,Idukki
92,92,0,2020-3-16,0,1,Idukki
374,374,0,2020-3-17,0,1,Idukki
442,442,0,2020-3-18,0,1,Idukki
480,479,1,2020-3-19,1,1,Idukki
3,3,0,2020-3-1,0,0,Idukki
504,503,1,2020-3-20,0,1,Idukki
537,537,0,2020-3-21,0,1,Idukki
600,597,3,2020-3-22,3,1,Idukki
643,640,3,2020-3-23,0,0,Idukki
1123,1118,5,2020-3-24,2,0,Idukki
1224,1221,3,2020-3-25,1,1,Idukki
1307,1304,3,2020-3-26,1,2,Idukki
1538,1533,5,2020-3-27,2,2,Idukki
5,5,0,2020-3-2,3,0,Idukki
8,8,0,2020-3-3,0,0,Idukki
9,9,0,2020-3-4,0,0,Idukki
9,9,0,2020-3-5,0,0,Idukki
10,10,0,2020-3-6,0,0,Idukki
11,11,0,2020-3-7,0,0,Idukki
12,12,0,2020-3-8,0,0,Idukki
38,37,1,2020-3-9,1,0,Idukki
92,82,10,2020-3-10,6,2,Kottayam
243,231,12,2020-3-11,2,2,Kottayam
409,398,11,2020-3-12,0,2,Kottayam
736,725,11,2020-3-13,2,2,Kottayam
802,791,11,2020-3-14,1,2,Kottayam
873,863,10,2020-3-15,1,2,Kottayam
1034,1025,9,2020-3-16,2,2,Kottayam
1246,1238,8,2020-3-17,1,2,Kottayam
1311,1304,7,2020-3-18,0,2,Kottayam
1596,1590,6,2020-3-19,0,2,Kottayam
28,28,0,2020-3-1,0,0,Kottayam
1867,1862,5,2020-3-20,0,2,Kottayam
2134,2129,5,2020-3-21,0,2,Kottayam
2412,2406,6,2020-3-22,1,2,Kottayam
2499,2492,7,2020-3-23,1,4,Kottayam
2411,2405,6,2020-3-24,0,5,Kottayam
2688,2681,7,2020-3-25,1,5,Kottayam
2903,2896,7,2020-3-26,0,5,Kottayam
3207,3200,7,2020-3-27,0,5,Kottayam
35,35,0,2020-3-2,2,0,Kottayam
41,41,0,2020-3-3,0,0,Kottayam
42,42,0,2020-3-4,5,0,Kottayam
59,59,0,2020-3-5,0,0,Kottayam
64,64,0,2020-3-6,1,0,Kottayam
71,71,0,2020-3-7,0,0,Kottayam
77,77,0,2020-3-8,0,0,Kottayam
83,79,4,2020-3-9,4,0,Kottayam
98,78,20,2020-3-10,14,0,Alappuzha
128,111,17,2020-3-11,1,0,Alappuzha
161,140,21,2020-3-12,5,0,Alappuzha
265,252,13,2020-3-13,7,0,Alappuzha
523,513,10,2020-3-14,1,0,Alappuzha
533,523,10,2020-3-15,0,0,Alappuzha
795,784,11,2020-3-16,7,0,Alappuzha
1107,1097,10,2020-3-17,3,0,Alappuzha
1901,1893,8,2020-3-18,4,0,Alappuzha
2449,2439,10,2020-3-19,7,0,Alappuzha
6,6,0,2020-3-1,2,0,Alappuzha
3763,3755,8,2020-3-20,2,0,Alappuzha
4476,4470,6,2020-3-21,1,0,Alappuzha
4428,4417,11,2020-3-22,5,0,Alappuzha
4840,4826,14,2020-3-23,3,0,Alappuzha
5509,5490,19,2020-3-24,8,1,Alappuzha
5592,5574,18,2020-3-25,4,1,Alappuzha
5791,5769,22,2020-3-26,7,1,Alappuzha
5620,5600,20,2020-3-27,4,1,Alappuzha
9,9,0,2020-3-2,1,0,Alappuzha
16,16,0,2020-3-3,0,0,Alappuzha
19,19,0,2020-3-4,0,0,Alappuzha
25,25,0,2020-3-5,1,0,Alappuzha
28,27,1,2020-3-6,0,0,Alappuzha
33,30,3,2020-3-7,0,0,Alappuzha
39,36,3,2020-3-8,0,0,Alappuzha
71,65,6,2020-3-9,3,0,Alappuzha
248,225,23,2020-3-10,6,0,Ernakulam
304,280,24,2020-3-11,8,0,Ernakulam
359,322,37,2020-3-12,16,0,Ernakulam
437,407,30,2020-3-13,1,0,Ernakulam
526,500,26,2020-3-14,3,3,Ernakulam
613,581,32,2020-3-15,10,3,Ernakulam
680,650,30,2020-3-16,6,3,Ernakulam
938,917,21,2020-3-17,1,3,Ernakulam
1012,989,23,2020-3-18,4,3,Ernakulam
1108,1085,23,2020-3-19,6,3,Ernakulam
50,48,2,2020-3-1,0,0,Ernakulam
4224,4196,28,2020-3-20,7,9,Ernakulam
3474,3451,23,2020-3-21,1,12,Ernakulam
3984,3961,23,2020-3-22,4,12,Ernakulam
4230,4201,29,2020-3-23,8,16,Ernakulam
4380,4347,33,2020-3-24,4,17,Ernakulam
3308,3274,34,2020-3-25,3,20,Ernakulam
3495,3463,32,2020-3-26,5,15,Ernakulam
3919,3884,35,2020-3-27,10,15,Ernakulam
80,78,2,2020-3-2,0,0,Ernakulam
105,103,2,2020-3-3,0,0,Ernakulam
126,124,2,2020-3-4,0,0,Ernakulam
129,127,2,2020-3-5,0,0,Ernakulam
131,129,2,2020-3-6,13,0,Ernakulam
138,134,4,2020-3-7,0,0,Ernakulam
147,141,6,2020-3-8,0,0,Ernakulam
177,171,6,2020-3-9,0,0,Ernakulam
277,209,68,2020-3-10,35,0,Thrissur
613,535,78,2020-3-11,12,0,Thrissur
843,770,73,2020-3-12,8,1,Thrissur
1150,1078,72,2020-3-13,5,1,Thrissur
1391,1331,60,2020-3-14,12,1,Thrissur
1574,1526,48,2020-3-15,8,1,Thrissur
2041,1996,45,2020-3-16,9,1,Thrissur
2296,2258,38,2020-3-17,7,1,Thrissur
2717,2684,33,2020-3-18,8,1,Thrissur
3008,2978,30,2020-3-19,4,1,Thrissur
44,39,5,2020-3-1,1,0,Thrissur
3386,3357,29,2020-3-20,9,1,Thrissur
6538,6514,24,2020-3-21,4,1,Thrissur
8538,8498,40,2020-3-22,19,1,Thrissur
9336,9292,44,2020-3-23,8,2,Thrissur
10908,10879,29,2020-3-24,8,2,Thrissur
12081,12044,37,2020-3-25,11,1,Thrissur
13283,13233,50,2020-3-26,18,3,Thrissur
13455,13408,47,2020-3-27,6,4,Thrissur
52,46,6,2020-3-2,4,0,Thrissur
58,52,6,2020-3-3,2,0,Thrissur
63,54,9,2020-3-4,0,0,Thrissur
83,71,12,2020-3-5,1,0,Thrissur
95,83,12,2020-3-6,0,0,Thrissur
101,86,15,2020-3-7,0,0,Thrissur
117,97,20,2020-3-8,0,0,Thrissur
211,172,39,2020-3-9,22,0,Thrissur
73,48,25,2020-3-10,11,0,Palakkad
102,77,25,2020-3-11,4,0,Palakkad
119,89,30,2020-3-12,8,0,Palakkad
146,124,22,2020-3-13,7,0,Palakkad
154,132,22,2020-3-14,5,0,Palakkad
179,151,28,2020-3-15,9,0,Palakkad
191,169,22,2020-3-16,4,0,Palakkad
232,205,27,2020-3-17,9,0,Palakkad
309,280,29,2020-3-18,9,0,Palakkad
492,466,26,2020-3-19,4,0,Palakkad
2,2,0,2020-3-1,0,0,Palakkad
3864,3838,26,2020-3-20,0,0,Palakkad
4110,4089,21,2020-3-21,7,0,Palakkad
5109,5084,25,2020-3-22,9,0,Palakkad
5162,5135,27,2020-3-23,8,0,Palakkad
5514,5478,36,2020-3-24,11,1,Palakkad
5420,5384,36,2020-3-25,8,3,Palakkad
5915,5873,42,2020-3-26,13,3,Palakkad
5366,5324,42,2020-3-27,16,3,Palakkad
9,8,1,2020-3-2,0,0,Palakkad
8,7,1,2020-3-3,2,0,Palakkad
11,11,0,2020-3-4,2,0,Palakkad
16,14,2,2020-3-5,1,0,Palakkad
17,14,3,2020-3-6,0,0,Palakkad
18,14,4,2020-3-7,1,0,Palakkad
17,12,5,2020-3-8,9,0,Palakkad
36,22,14,2020-3-9,12,0,Palakkad
75,30,45,2020-3-10,21,0,Malappuram
93,32,61,2020-3-11,21,0,Malappuram
132,103,29,2020-3-12,13,0,Malappuram
165,135,30,2020-3-13,1,0,Malappuram
195,164,31,2020-3-14,22,0,Malappuram
242,225,17,2020-3-15,7,0,Malappuram
976,955,21,2020-3-16,7,2,Malappuram
2172,2154,18,2020-3-17,7,2,Malappuram
3834,3821,13,2020-3-18,6,2,Malappuram
4712,4701,11,2020-3-19,6,2,Malappuram
2,1,1,2020-3-1,4,0,Malappuram
6239,6232,7,2020-3-20,3,2,Malappuram
7018,7008,10,2020-3-21,6,2,Malappuram
7394,7383,11,2020-3-22,7,4,Malappuram
9294,9279,15,2020-3-23,11,4,Malappuram
9898,9869,29,2020-3-24,18,5,Malappuram
10515,10460,55,2020-3-25,44,5,Malappuram
11235,11160,75,2020-3-26,20,8,Malappuram
11346,11256,90,2020-3-27,24,7,Malappuram
6,6,0,2020-3-2,2,0,Malappuram
34,32,2,2020-3-3,0,0,Malappuram
44,38,6,2020-3-4,0,0,Malappuram
50,44,6,2020-3-5,0,0,Malappuram
55,50,5,2020-3-6,0,0,Malappuram
41,30,11,2020-3-7,15,0,Malappuram
48,33,15,2020-3-8,3,0,Malappuram
76,52,24,2020-3-9,20,0,Malappuram
133,118,15,2020-3-10,10,0,Kozhikode
301,291,10,2020-3-11,5,0,Kozhikode
483,476,7,2020-3-12,3,0,Kozhikode
592,585,7,2020-3-13,4,0,Kozhikode
1837,1819,18,2020-3-14,16,0,Kozhikode
2683,2676,7,2020-3-15,4,0,Kozhikode
3215,3207,8,2020-3-16,8,0,Kozhikode
4144,4130,14,2020-3-17,10,0,Kozhikode
4953,4945,8,2020-3-18,4,0,Kozhikode
5662,5652,10,2020-3-19,8,0,Kozhikode
8,7,1,2020-3-1,0,0,Kozhikode
5798,5784,14,2020-3-20,9,0,Kozhikode
7649,7626,23,2020-3-21,18,0,Kozhikode
8150,8116,34,2020-3-22,20,2,Kozhikode
8408,8370,38,2020-3-23,12,3,Kozhikode
9709,9674,35,2020-3-24,19,5,Kozhikode
9980,9937,43,2020-3-25,10,6,Kozhikode
10324,10277,47,2020-3-26,6,8,Kozhikode
10474,10437,37,2020-3-27,4,9,Kozhikode
9,7,2,2020-3-2,0,0,Kozhikode
13,9,4,2020-3-3,2,0,Kozhikode
21,16,5,2020-3-4,1,0,Kozhikode
24,19,5,2020-3-5,0,0,Kozhikode
24,18,6,2020-3-6,0,0,Kozhikode
33,28,5,2020-3-7,1,0,Kozhikode
46,41,5,2020-3-8,0,0,Kozhikode
72,66,6,2020-3-9,2,0,Kozhikode
23,22,1,2020-3-10,0,0,Wayanad
28,27,1,2020-3-11,0,0,Wayanad
38,38,0,2020-3-12,0,0,Wayanad
57,57,0,2020-3-13,0,0,Wayanad
105,105,0,2020-3-14,0,0,Wayanad
146,144,2,2020-3-15,2,0,Wayanad
217,215,2,2020-3-16,0,0,Wayanad
377,377,0,2020-3-17,0,0,Wayanad
433,433,0,2020-3-18,0,0,Wayanad
545,545,0,2020-3-19,0,0,Wayanad
0,0,0,2020-3-1,0,0,Wayanad
736,736,0,2020-3-20,0,0,Wayanad
889,888,1,2020-3-21,1,0,Wayanad
1114,1113,1,2020-3-22,0,0,Wayanad
1440,1436,4,2020-3-23,3,0,Wayanad
1499,1496,3,2020-3-24,0,0,Wayanad
1911,1908,3,2020-3-25,0,0,Wayanad
2913,2909,4,2020-3-26,4,1,Wayanad
4269,4264,5,2020-3-27,1,1,Wayanad
4,4,0,2020-3-2,0,0,Wayanad
4,4,0,2020-3-3,0,0,Wayanad
4,4,0,2020-3-4,0,0,Wayanad
7,7,0,2020-3-5,0,0,Wayanad
9,9,0,2020-3-6,0,0,Wayanad
10,9,1,2020-3-7,0,0,Wayanad
10,9,1,2020-3-8,0,0,Wayanad
15,14,1,2020-3-9,1,0,Wayanad
88,79,9,2020-3-10,2,3,Kannur
128,121,7,2020-3-11,3,3,Kannur
151,144,7,2020-3-12,4,4,Kannur
181,158,23,2020-3-13,16,4,Kannur
261,218,43,2020-3-14,20,1,Kannur
305,261,44,2020-3-15,7,1,Kannur
372,336,36,2020-3-16,10,1,Kannur
824,798,26,2020-3-17,7,1,Kannur
2239,2218,21,2020-3-18,10,1,Kannur
3583,3559,24,2020-3-19,12,1,Kannur
9,9,0,2020-3-1,0,0,Kannur
4490,4465,25,2020-3-20,11,1,Kannur
5187,5149,38,2020-3-21,16,4,Kannur
6126,6077,49,2020-3-22,16,10,Kannur
6481,6409,72,2020-3-23,23,15,Kannur
7193,7123,70,2020-3-24,15,15,Kannur
7967,7886,81,2020-3-25,14,15,Kannur
9190,9110,80,2020-3-26,14,24,Kannur
10128,10041,87,2020-3-27,14,26,Kannur
22,22,0,2020-3-2,0,0,Kannur
31,30,1,2020-3-3,0,0,Kannur
32,30,2,2020-3-4,0,0,Kannur
38,35,3,2020-3-5,0,0,Kannur
40,35,5,2020-3-6,0,0,Kannur
45,37,8,2020-3-7,2,0,Kannur
54,43,11,2020-3-8,0,0,Kannur
83,69,14,2020-3-9,4,1,Kannur
105,104,1,2020-3-10,0,0,Kasaragod
124,121,3,2020-3-11,3,0,Kasaragod
159,154,5,2020-3-12,2,0,Kasaragod
205,195,10,2020-3-13,5,0,Kasaragod
235,229,6,2020-3-14,0,0,Kasaragod
266,260,6,2020-3-15,0,0,Kasaragod
296,291,5,2020-3-16,3,1,Kasaragod
339,333,6,2020-3-17,4,1,Kasaragod
380,372,8,2020-3-18,3,1,Kasaragod
517,508,9,2020-3-19,3,2,Kasaragod
15,14,1,2020-3-1,0,0,Kasaragod
580,567,13,2020-3-20,4,8,Kasaragod
665,650,15,2020-3-21,9,14,Kasaragod
733,692,41,2020-3-22,26,19,Kasaragod
857,796,61,2020-3-23,20,35,Kasaragod
2736,2651,85,2020-3-24,24,41,Kasaragod
3794,3700,94,2020-3-25,9,41,Kasaragod
4798,4698,100,2020-3-26,7,42,Kasaragod
5957,5854,103,2020-3-27,3,76,Kasaragod
22,21,1,2020-3-2,0,0,Kasaragod
33,33,0,2020-3-3,0,0,Kasaragod
33,33,0,2020-3-4,0,0,Kasaragod
42,42,0,2020-3-5,0,0,Kasaragod
46,46,0,2020-3-6,0,0,Kasaragod
52,51,1,2020-3-7,0,0,Kasaragod
56,55,1,2020-3-8,0,0,Kasaragod
93,91,2,2020-3-9,1,0,Kasaragod
1495,1236,259,2020-3-10,120,14,Total
3313,3020,293,2020-3-11,83,14,Total
4180,3910,270,2020-3-12,65,19,Total
5468,5191,277,2020-3-13,69,19,Total
7677,7375,302,2020-3-14,106,19,Total
10944,10655,289,2020-3-15,68,21,Total
12740,12470,270,2020-3-16,72,24,Total
18011,17743,268,2020-3-17,65,24,Total
25603,25366,237,2020-3-18,57,24,Total
31173,30936,237,2020-3-19,64,25,Total
206,193,13,2020-3-1,9,0,Total
44390,44165,225,2020-3-20,56,37,Total
53013,52785,228,2020-3-21,70,49,Total
59295,58981,314,2020-3-22,122,64,Total
64320,63937,383,2020-3-23,122,91,Total
72460,71994,466,2020-3-24,164,105,Total
76542,76010,532,2020-3-25,122,112,Total
102003,101402,601,2020-3-26,136,126,Total
110299,109683,616,2020-3-27,112,164,Total
293,276,17,2020-3-2,20,0,Total
411,388,23,2020-3-3,12,0,Total
469,438,31,2020-3-4,11,0,Total
547,508,39,2020-3-5,10,0,Total
592,546,46,2020-3-6,14,0,Total
637,574,63,2020-3-7,20,0,Total
732,648,84,2020-3-8,14,3,Total
1116,967,149,2020-3-9,85,4,Total
